750
917
247
196
254
815
467
194
179
225
836
277
361
770 984
103
286
78
442
985 657
779
99 995
415 705
795 636
936
814 461
923
439
348
611
741
219
924
391
241
972
275
34
495 894
216
468
800 160
850
899
583 525
101 458
475 873
367
47 165
455 885
663
870
213
3
387
17
991 157
572 204
248 304
263 337
436
256 619
27 670
912 937
195 234
67 405
929 568
527 744
617 982
684 615
116 534
876 490
54 59
993 288
887
559
478 88
469 169
40 651
359 91
238 518
273 563
835 866
579 428
803
886
708
153 916
85 452
742
951
570
4
963
581 883
388 847
973 72
124 199
211
736
488
544 244
292
648
8 366
718
371 270
723
499
532
149
802
962
23
960 750
732
504
329
249 810
759 716
851
589 52
528 353
913
746
729
464 409
413 918
335 751
146 586
665 609
398 128
315
136
474 977
187
550
139
553 307
385 432
978
37 231
769 932
623
845
726 573
674 853
508
574
150 696
117 930
582 134
911 529
202
620 846
756
423
38
625 735
200 481
830
567
536
309
644
957 697
143 796
689 341
63
752 410
133 137
349
363 816
90
314
272
987
173 65
111
395 494
737 82
827
305
131 392
262 841
967 661
336 897
552 350
588
997
290 476
864
820
109
773 825
762 564
722
922
393
328
228
281
450
81
364
473
360
763 384
113
422 840
19
446
89
878
829
16
576
760 720
821
980 721
424 898
874
646
709 198
433
41
605
964
591
608 513
462
707
509
557
799
265
516
268
435
441
775
22
555
540
807
641
487 793
652
5
503 434
411
148
777
812
498 797
181
546
203
627
437 285
31 26
93 386
50
479
761
711 401
809
921
11
511 10
214 562
381
848
215 765
906
500
647
443 280
986
295 394
327 653
728
414 162
438 683
12 612
626
893
347
98
745
451
156 731
97 375
174
201
693
621
520
867
631 246
102 681
320
338 126
584
501 685
463
905
13
606
287
372 622
998
988 523
792
421
125
407 151
530
382 51
833 941
267
457
66 600
197
654
549
355 161
2 805
656
664 6
251
882 310
514
222
869
730
64 891
860
21
370
159
578 118
325
638
120
889
966
35
358
233
695 927
70
456
344 782
725
472
313
402 928
264 703
497
818 662
888
702
925
507
28
1
658
672
686 84
831
232
900
601 749
541
942
166
296
813 633
699 808
73
743
774 595
83
944
855
25
602
220
690
790
842
954
655
933
356
334
266 861
383 339
24
260
145
768
44 634
755
184
217
127
459 237
301
740 95
852
480
896
706
545 390
119 399
594
242 919
679
819
343 624
152 155
758 408
950
397
502
566 403
183 892
542 521
57 104
628 915
261
996 223
738
239
673 182
781 535
377
374
834 806
49 868
425
698 271
302
505
849
484 904
880
947 668
108 94
969
910 471
992
489
447 952
838 817
677
345 603
754
926
115 548
453
875
935
48
688
990 715
788 269
753 510
613
682
914
493
890
585 630
352
676 172
29
243 69
739
857 920
826
575
299
934 18
429
7
614
748
400
0 123
62
465 368
298
14
839
178
279
291 675
983
610
141
122
804
167
877
20 227
284
340
778
332
416
596
252 226
598 832
289 318
205
580 981
538
640
719
440
389
519
404
427 979
176
80 949
105 700
958 794
229
643 376
733
632 590
907
946 138
444 543
895
569
959
713
604
482 577
637 558
939
526
971
859
460
823
844
872 571
660 114
365 168
965 130
767
76 953
92
734
278
357
317
691
771
560
667
294
539
406
210
245
380
856 943
561
87
639
74
100
77
629
517 55
554
369
994
193
975
822
142
551
185 158
258
319
311
132
112
147 862
240
938
293
154
483
956 373
323
39
989
378
724
477
177
787
330 798
46 257
140
786
858 322
106
791
342
362
492 828
712
188 618
412
56
189
884 466
645
208
135
129 250
274
692
687
531
976
491
694
854
565
650
970
704
671
776
346
948
61 714
354
32 717
811
15 903
96 297
36 587
865
669
974 902
45
235
931
230
678
747
955
764
312
259 331
30 68
79 454
121
785
908
727
316
283
326
757
186
276
42
33
212
107
351
190 324
945 221
300
170
486
879 940
470 144
522 666
901 801
780
396
680
180 881
175 236
843
449 824
533
448
53 599
784
766
496 871
863
642
616
75
60
9
417 710
635 524
515
164
321 659
253 163
43
592
506
303
379
209
420
192
308
431
556
255
968 445
789 512
58 701
282
999 224
218 86
485
207 171
110
772
961 537
783 306
593
649
430
333
71 607
426 837
597
547 206
419 191
909 418
