750
880
78
286
388 973
841 96
114 295
475 666
259 115
206 808
547 376
329
504
478 522
619 47
22
555
126 624
838 93
399 957
637 796
644
309
536
567
596
416
452 414
627
723
499
532
877
260
617 993
881 668
922
393
328
867
401 564
133 474
410 498
735 218
38
423
756
899
583 835
933
356
334
18 861
849
964
605
516
268
435
749 932
91 492
370
23
960 984
664 941
71 695
378
70
456
67 26
670 386
915 912
169 847
44 40
721 171
69 372
998
988 403
28
302
472
261
924
89
300
754
926
568 405
716 949
176
51 207
594
241
972
275
497
858 12
739
123 487
990 289
205
137 350
662 124
438 409
517 461
585 946
352
761
479
50
327 195
986
55 455
779
995 857
601 753
253 99
415 116
242 85
113
604
11
224 511
228
677
947 2
108 558
840 249
728
277
836
706
896
936
892 814
576
229
185 256
551
345 817
934 134
341 117
150 798
87
223 813
820
109
825 443
19
391
908
950
129 262
878
852
480
745
451
257 740
160 53
469 105
746
729
353 999
978
319
566 238
215 701
615 392
897 432
4
872 833
539
508
210
406
446
335 490
101 470
364
81
450
281
952 231
935
48
906
500
647
279
178
839
482 714
913
320
846 102
939
526
613
587 200
961 953
147 306
15 437
774 927
111
765 95
553 128
929 577
263 572
36 188
712
622 419
100
74
715 832
688
92
31 985
663
907
347
98
46 684
589 146
821
80 88
131 919
707
462
599 383
35
358
365 607
265
799
453
496 221
290 8
525 510
579 760
519
620 535
394 66
425
573 898
483
154
252 582
704
387
17
991 609
580 751
248 413
436
969
337 828
618 49
433
34
633 894
314
90
427 660
885 513
556
923
889
316
736
488
301
916 10
725
458 726
768
145
273 744
155 982
758 198
278
734
404
546
181
518 454
697 868
886
708
563 417
920 752
676 183
366 243
711 371
718
254
196
247
917
659 661
956 657
313
698 402
141
118 968
610
805 165
216
468
213
869
222
514
593
755
184
24
163 800
204 871
678
621
284
411
148
777
812
629
887
559
831
802
575
199 54
72 288
787
884 330
654
784
460
823
844
420
442
842
790
769 464
29
39
876 447
197
60
561
509
557
428 681
52 853
850
966
349
6 528
743
73
682
43
424 59
874
630 444
463
905
13
606
287
153 285
325
638
373 937
189
801 612
866 788
860
83
690
545 665
481 598
355 789
549
412
389
600 339
864
997
588
645
208
167
680
332
778
340
107
888
702
648
962
719
440
616
75
827
737 234
344 731
550
429
741
611
348
439
484 494
757
595 495
903 503
883 720
209
770 675
569
959
493
890
20 465
127
217
367
981 873
520
193
994
918 175
930 434
9
471 291
983
845
623
397
360
473
819
679
628 191
792
138 157
136
643 331
336 408
381
942
541
226 631
363 685
61 236
584
501 449
162 250
909 94
980 710
342
730
810 64
733
772
530
562 382
724
140
400
190 407
862 529
326
158 958
543 84
977 521
303
27 974
45
794 717
944
671
776
655
954
540
807
37 544
693
987
272
321 635
41
771
560
658
780
955
219
255
25
602
220
976
531
232
441
775
76 709
614
7
180 625
58 318
317
357
312
803
485
921
809
672
837 653
533
742
951
570
82 244
182 466
239
738
608 996
467
194
179
225
120
396
201
369
112
298
581 940
212
315
3
992
214 879
875
538
640
211
925
938
865
669
590 571
251
79 882
333
856 636
361
33
203
151 119
125
421
97 156
170
893
626
164
515
230
848
65 943
554
186
785
121
791
687
692
267
457
202
781 911
377
374
786
713
764
795 459
597
21
826
477
177
292
1
192
299
422 910
110
811
843
822
142
507
430
395 161
854
694
258
351
491
815
891 928
139
130 979
902 297
385 534
227 901
384 32
895
311
652
5
276
804
122
187
963
323
489
767
863
642
322 246
965 603
548 634
512 359
174
245
233
380
855
591
346
948
266 816
651 686
975
14
592
106
283
159
271 270
368 542
859
851
759 390
264 797
989
307 703
747
574
830
502
235
931
750 967
732
565
650
970
870
77
152 806
486
691
667
296
166
722
971
103
431
748
308
641
143 793
293
632 689
834 68
173 945
900
683 552
304 310
354
448
914
305
56
639
280 773
646
766
705 527
649
674 57
426 824
274
62
537 0
16
829
42
673 696
505
63
524 144
135
362
282
149
86 476
699 375
294
586 104
782 30
240
656
506
132
379
727
818 418
324 763
523 343
338 398
168 172
904 783
700 445
269 762
237 578
