750
56
412
488
811
708
822
293
109
820
181
944
274
491
976
642
680
205
989
592
926
298
1
164
780
362
360
532
486
111
570
17
316
621
284
340
354
983
777
687
380
639
74
112
694
258
167
867
232
863
849
379
303
282
39
135
323
549
815
220
319
333
45
229
317
361
33
597
738
972
43
136
208
645
569
184
672
935
239
313
531
870
77
213
678
747
299
294
186
908
391
593
400
748
948
823
425
196
880
127
278
764
803
312
917
874
772
225
836
706
14
106
644
309
536
682
448
914
305
724
887
326
500
906
554
650
555
842
540
346
378
370
159
308
358
233
515
178
839
556
212
174
704
279
640
890
142
655
5
652
132
276
785
122
141
994
193
462
194
179
854
725
907
971
865
669
42
829
878
852
89
690
790
440
719
962
453
799
240
420
895
787
691
658
933
356
561
647
986
845
623
397
950
381
848
611
741
16
869
222
514
92
613
727
693
656
342
792
357
351
107
969
998
110
139
802
575
970
667
830
594
241
329
347
98
140
477
559
831
649
734
526
713
604
113
287
211
925
728
533
742
951
125
421
900
435
677
268
170
746
729
812
966
315
776
671
328
466 58
228
467
700 449
766
646
442
371 599
718
254
277
778
332
954
377
781 552
187
788 476
429
953 600
369
390 537
119 253
203
21
133 271
359 72
876 902
786
881 527
404
827
737 634
543 968
629
626
893
885 689
705 674
443 523
19
446
269 191
411
148
245
210
539
625 828
318 783
521 773
832 156
582 563
930 188
927 37
428 618
628 686
261
472
223 749
87
943 418
61 384
825 368
612 731
990 801
47 46
797 595
759 363
819
679
242 173
12 190
479
938
489
617 427
668 116
6 434
743
648
292
544 945
807
574
508
875
214 310
538
955
219
924
255
247
52 578
528 857
349
856 958
25
602
396
235
519
720 675
209
215 158
886
454 714
847 68
740 2
711 322
809
921
11
511 934
34
175 940
843
512 898
177
835 445
579 402
859
393
922
91 123
40 417
169 838
296
166
71 366
754
603 79
195 365
530
382 979
520
981 957
180 32
942
541
465 651
62
0 909
576
3
291 996
118 522
610
769 86
29
243 568
681 36
853 952
726 57
768
145
837 104
95 331
872 673
63
505
302
28
456
344 782
153 980
105 535
794 76
388 117
984 54
275
586 965
735 259
38
826
100
795 696
394 666
620 130
841 891
114 134
509
557
573 510
483
154
701 432
615 151
55 793
506
334
461 353
207 97
507
430
387
138 901
128 199
490 426
59 69
234 49
607 643
662 324
973 246
96 306
758 928
155 307
653 871
230
606
13
485
637 941
283
256 608
251
882 270
816 577
389
339 916
864
290 919
997
367
873 918
987
204 126
459 630
301
327 946
75
616
755
249 20
83
659 250
752 601
501 798
584
236 884
409 824
320
102 581
631 330
493
551
558 273
939
846 892
157 131
542 65
855
580 534
609 633
272
321 699
101 10
525 403
860
866 335
137 458
897 698
30 163
325
99 910
550
733
376 218
504
732
565
147 703
217
929 18
67 684
285 632
120
638
937 635
297 710
385 94
791
160 529
468
502
267
457
868 257
572 999
201
121
373 566
189
192
513 395
591
51 464
176
949 564
7
614
295 355
226 424
172 770
182 53
374
82 879
771
560
216
495 15
248 221
337 252
202
911 562
150 548
70
265
516
4
833 753
963
779
995 960
657 590
289 545
899
115 956
475 808
547 341
84 683
660 345
90
314
146 455
756
423
185 244
817 834
499
723
627
959
414 762
416
398 750
343 503
497
818 587
888
702
348
439
923
932 452
231 813
281
661 763
262 336
149
546
80 665
877
227 676
408 405
800 492
73
931
977 598
300
484 810
224 517
858 288
707
745
451
406
8 399
518 496
894 280
441
775
22
237 967
444 144
463
905
152 161
624 805
311
447 695
765 304
692
85 206
975
920 709
739
487 200
850
716 796
851
27 774
162 697
438 88
589 422
821
760 143
641
947 904
108 437
840 266
60
197
654
784
460
35
383 903
9
471 183
862 392
474 407
26 524
386 498
129 988
757
494 685
585 915
352
171 401
596
567
23
663
480
896
168 883
338 806
913
350 415
588
469 583
721 419
804
992
670 991
912 93
50
985 664
103
286
78
717 410
372 44
761
24
260
767
978
722
619 263
436
413 198
964
605
41
433
64 66
730
736
889
814 636
936
482 238
844
31 861
264 478
165 470
364
473
481 974
789 751
982 993
744 124
431
712
622 961
48
688
715 571
450
81
375 553
