750
474 116
994
27 701
81
450
243 335
676 960
29
769 395
160 26
468
956 365
313
402 330
729
897 353
137 806
141
367
873 147
23
567
596
171 717
372 562
998
661 155
262 653
987
65 967
921
11
511 721
424 44
874
583 324
933
91 124
40 392
169 824
454 716
121
52 856
528 470
349
133 434
5
860
403 401
51 965
553 543
513 853
591
964
605
516
268
435
615 934
55 945
986
280 666
578 496
159
200 297
613
727
463
579 552
803
451
745
485
13
606
230
497
275
87
223 408
472
261
628 891
428 458
996 118
635 0
738
753 93
99 566
550
217
415 126
242 368
113
604
713
306 289
703 66
197
887
724
201
572 494
304 585
394 146
620 563
756
423
277
624 634
152 973
600 337
202
252 248
855
542 10
157 990
846 797
939
273 813
787
490 47
128 534
594
919 631
100
196
436
619 54
962
802
575
970
876 601
504
166
942
541
465 226
989
161 185
805 188
508
574
982 674
789 751
481 974
409 590
236 770
15 892
811
78
286
388 512
554
517 558
294
103
947 664
108 101
840 382
60
9
471 383
862 94
407 632
737 980
344 686
153 837
452 798
726 97
741
765 310
514
222
869
977 405
393
225
179
905
211
925
728
533
899
482 461
936
814 788
576
229
256 825
251
882 958
500
647
561
509
557
937 794
638
913
338 165
168 881
896
19
114 31
808 285
228
466 244
951
570
241
327 143
49 612
314
90
660 525
84 835
46 884
140
98
858 834
707
131 257
12 190
479
50
156 495
421
238 249
792
988 564
362
307 953
175 598
34
536
714 445
204 246
459 699
301
272
609 521
832 345
582 206
20 637
111
774 659
83
162 61
438 979
851
697 18
957 932
796 868
502
830
740 871
117 151
134 227
467
815
355 373
622 946
712
431
744 941
520
867
328
571 69
524 385
603 32
754
926
617 568
747
668 999
6 71
743
73
800 30
912 343
670 709
992
991 625
775
22
237 685
444 901
498 675
735 269
38
203
793 689
293
110
801 910
780
366 643
127
183 399
216
115 432
475 651
341 580
231 518
636 295
889
950
492 291
845
623
397
943 476
410 872
63
505
302
698 529
777
209
720 104
215 464
886
708
417 758
457
267
692
85 426
350 96
588
290 447
997
864
339 53
695 207
586 949
334
861 158
195 961
694
258
688
715 478
59 916
234 288
105 198
80 88
544 173
807
696 783
918 37
930 762
927 123
437 266
817 587
662 321
607 915
363 885
690
665 763
259 253
935
48
779
995 449
354
589 522
821
816 773
760 172
993 95
28
456
67 573
929 221
630 781
532
877
260
76 841
305
413 985
484 898
224 119
150 711
984 705
469 443
430
387
138 144
125
72 359
199 810
427 218
900
749 130
336 902
331 418
477
559
952 940
214 537
538
633 599
510 904
838 318
8 608
406
539
833 581
681 683
375 264
364
733
376 86
329
972
422 920
299
386 180
129 398
879 191
545 487
455 857
657 968
732
750 928
416
414 548
182 911
374
82 419
771
818 390
888
702
648
292
658
866 782
795 2
597
847 909
263 547
36 673
535 250
371 384
718
254
710 58
903 523
595 503
759 577
819
679
849
627
723
270 527
271 322
265
799
453
966
89
924
219
278
357
312
655
894 700
730
64 731
433
41
752 828
501 618
584
684 79
102 57
320
883 68
163 981
719
440
106
746
170
486
369
791
540
610
983
645
569
895
420
844
823
4
963
7
614
176
429
24
761
352
342
922
880
639
74
112
139
109
820
181
546
149
33
826
493
890
843
822
742
640
768
145
247
255
245
148
411
491
976
790
442
332
778
340
859
971
616
755
184
672
786
39
378
70
154
483
92
848
381
235
519
232
649
978
722
854
240
875
906
748
400
120
704
174
462
194
785
186
907
663
870
531
16
644
309
316
736
488
959
178
279
473
360
425
358
35
460
654
549
177
298
45
827
300
893
347
75
555
602
25
650
315
776
671
122
187
611
348
439
923
323
135
208
852
878
829
276
311
132
506
303
379
687
669
865
404
370
954
592
346
377
274
931
530
772
706
836
621
284
42
804
167
62
560
809
351
107
448
682
831
507
142
551
955
565
734
526
938
296
136
17
189
56
593
391
908
499
239
281
629
812
283
667
326
757
205
646
766
784
21
308
641
213
693
656
77
480
220
319
446
210
680
642
192
1
677
164
3
412
389
325
441
725
396
361
317
691
193
944
287
356
969
14
975
767
489
556
839
948
380
739
233
515
850
652
333
282
842
863
917
43
626
914
678
212
764
