750
536
309
644
553 796
87
561
272
609 635
216
751 407
857 392
259 805
262 653
728
44 618
768
145
837 991
615 721
469 544
993 631
432 80
225
836
277
254
718
674 371
441
775
22
47 513
217
127
244 183
111
899
756
423
38
735 359
270 705
723
499
532
743
73
458 129
525 99
403 595
247
263 571
714 579
939
95 558
846 108
608 157
450
81
375 661
103
286
388 817
551
697 84
90
752 501
584
509
557
707
745
451
803
312
382 37
260
92
688
630 715
368 204
78
964
605
41
433
34
26 444
852
89
924
401 490
211
925
648
292
88 632
559
288 960
105 437
5
860
83
215 619
436
700 413
273 409
343 662
367
873 482
936
814 666
889
636 372
998
761
479
50
949 93
189
774 982
91 744
867
520
981 726
197
887
577 813
251
663
870
531
848
381
466 206
504
732
565
503 478
398 470
416
422 414
438 683
12 134
861 578
159
370
23
567
830
594
712
241
391
908
950
397
623
845
390 114
972
275
497
932 138
461 999
205
995 350
588
645
208
115 455
475 321
207 847
597
599 740
468
160 625
48
779
816 657
682
147 102
240
643 825
314
4
963
190 858
200 835
898 394
620 665
191 146
855
25
602
650
910 517
969
797 573
483
154
428 868
457
267
692
148
245
210
406
742
951
570
17
387
3
576
229
256 818
984 27
18 32
627
203
546
404
307 285
67 143
990 929
831
802
575
54 471
9
158 434
291 941
500
906
765 952
155 840
980 758
720 341
209
777
947 20
988 622
55 52
472
302
505
921
809
237 117
101 628
261
223 996
738
606
13
485
345 664
930 547
704
582 271
144 918
677
165 841
550
429
384 788
612 872
28
1
192
299
934 238
421
427 156
300
754
926
408 529
227 133
564 537
722
854
379
687
187
474 366
862 280
496 195
842
346
555
75
616
440
719
962
337 252
232
900
46 749
98
347
907
222
514
869
218 977
365 781
377
62
696 0
807
641
730
928 894
243 153
703 770
985 521
304 318
572 668
973 673
596
447 637
107
638
808 937
179
194
467
815
967 524
463
727
128 701
364
733
376 589
670 116
912 152
349
68 528
136
639
919 676
29
295 769
118 96
325
829
878
753 659
613
603 562
113
175 242
679
819
759 386
839
178
279
31 6
844
823
460
784
654
549
431
574
508
539
598 833
708
886
729
746
913
320
124 338
902 543
629
51 66
181
820
109
997
290 909
864
487 415
339 465
61 511
11
604
763 961
480
896
19
446
199 395
125
527 72
330 810
787
812
880
484 57
481 600
30 789
137 130
405 953
139
800 523
294
442
420
45
169 684
40 793
393
922
881 58
680
167
799
265
516
268
435
402 695
313
956 512
834 634
196
515
959
182 675
239
385 795
826
493
890
843
269 824
226 454
974 172
669
865
938
992
356
933
583 903
35
358
233
856 879
94 968
710 711
569
184
755
36 249
931
230
871 681
456
70
378
667
326
311
71 940
228
281
221 443
336 419
331 651
580 266
581 126
585 568
801 494
586 534
334
264 119
957 2
811
231 15
935
315
725
344 495
737 76
614
7
506
303
611
741
219
955
698 965
866 449
658
652
396
986
10 828
452 168
853 699
850
162 716
851
849
74
100
827
42
284
791
220
976
917
863
642
530
163 151
462
383 104
686 542
672
736
301
488
709 327
920 49
739
255
671
776
193
994
85 8
794 510
717 838
123 289
773 236
832 731
713
764
821
417 760
519
822
507
430
186
785
121
540
592
43
424 322
874
757
412
56
305
914
329
355 86
274
944
942
541
970
282
39
876 353
362
425
502
246 566
905
354
552 601
535 915
59 883
660 234
120
533
82 65
987
678
747
166
296
173 633
538
640
352
563 171
310 518
316
283
332
778
340
923
439
348
702
888
369
767
489
750 617
198 884
278
357
317
691
486
792
177
298
112
132
276
804
943 410
63
140
786
60
335 250
135
323
287
164
176
979 224
590 363
706
554
526
748
400
593
328
21
859
772
297 798
522 131
14
975
646
766
253 607
333
491
771
560
351
694
258
656
473
360
361
33
122
141
790
610
989
556
202
476 911
150 426
897 373
448
389
946 188
893
626
69 892
885 945
545 399
971
978
649
655
954
161 927
548 958
453
875
97 214
174
212
624 685
201
724
895
591
248 464
16
213
621
693
783 689
374
149
966
983
77
806 306
170
882 492
235
53 904
106
647
877
411
445 64
308
734
110
780
948
380
319
185 762
587 891
24
142
690
477
293
342
418 498
782 324
459 79
180 916
257 901
