750
849
627
723
499
532
630 612
946 846
939
5
652
645
149
546
119 571
203
21
860
403 339
634 740
468
160 528
902 469
752 670
58 137
897 770
729
746
158 30
969
509
102 681
320
104 409
916 837
789 182
97 744
185 982
476 817
934 134
979 813
427 162
968 438
116 662
607 93
838 405
762 929
589 67
218 285
120
889
636 376
550
161 99
555
22
775
441
749 263
36 872
71 937
806 977
123 173
451
745
220
390 32
148
411
269 133
487 410
782 735
38
466 101
228
87
484 494
224 327
264 150
793 49
816 643
921
821
868 544
759 760
352
343 726
676 537
730
736
253 797
648
292
503 763
790
500
906
82 765
0 231
564 661
999 262
296
166
942
541
69 401
867
520
957 801
180 796
328
393
225
179
777
226 547
310 105
363 470
375 879
364
61 199
125
951
570
241
678
747
909 617
926
754
603 619
196
436
68 413
488
301
272
163 943
385 321
331 345
683 26
239
899
512 372
595 825
496 553
608 138
387
332
416
143 414
55 80
696 615
450
81
725
907
644
309
536
567
596
251
637 912
579 6
57 444
324 20
818 365
965 124
246 307
865
654
109
820
798 795
66 394
884 620
927 835
428 443
446
406
508
574
807
945 108
128 947
594
712
657 622
779
418 995
753 583
588
810 350
545 891
335 455
281
558 511
551
493
890
78
286
882 388
112
568 183
381
848
578 408
159
370
404
773 881
786
37 858
707
557
799
453
221 894
347
98
140
673 481
399 665
803
457
463
79 91
316
601 40
598 169
46 147
23
700 960
198 437
139
928 130
711 653
958 227
492 695
950
908
391
924
255
247
917
587 51
892 392
432 832
398 521
651 609
618 751
517 566
554
559
582 952
930 866
658
668 808
152 114
600 721
548 44
911 705
202
585 252
435
677
498 841
962
460
823
265
516
175 522
421
191 10
174
704
279
898 873
987
632 236
584
412
684 18
360
473
590 534
456
70
940 256
985 27
851
731 716
824 304
638
896
480
852
95 915
295 840
113
604
713
306 94
710 562
254
728
732
565
698 447
507
430
333
976
531
313
883 402
631 383
190 861
467
815
96 355
367
997
338 290
171 474
48
688
715 973
586 993
28
257 988
761
998
142
933
356
334
506
919 259
935
967 273
417 856
54 814
936
666 482
769 151
117 386
949 664
7
963
4
167
878
829
63
505
302
472
261
980 15
449 344
86 153
768
145
260
24
788 242
974 415
215 675
209
720 701
154
483
288 573
887
629
659 543
626
893
337 885
131 31
774 165
610
445 118
50
479
938
240
206 72
238 336
597
783 847
287
606
13
485
25
602
41
433
605
964
591
542 513
495 244
423
756
126 146
563 459
556
923
535 932
580 697
106
904 475
359 115
208
895
552 243
577 833
831
802
575
970
599 853
850
275
972
329
504
876 737
14
43
781 424
874
84 249
90
314
34
266 920
975
85 956
478 805
216
298
11
717 800
207 204
271 157
214 270
992
641
913
685 458
39
989
870
663
77
708
886
910 454
16
514
222
869
931
73
743
750 471
755
616
758 525
395 155
193
994
141
888
702
348
439
103
294
667
682
47 857
217
127
633 422
299
764
741
611
267
692
739
635 200
738
996 862
628 518
523 8
510 452
742
533
431
549
646
205
322 289
811
420
944
787
660 490
89
300
529 156
925
211
905
640
538
863
232
757
464 129
181
901 341
785
276
132
429
791
834 373
839
178
250 903
92
76 953
369
486
35
358
233
380
809
351
491
75
827
864
378
776
671
569
65 434
845
623
502
830
419 714
374
425
342
656
621
353 382
530
772
706
836
277
778
361
680
210
245
771
560
576
229
613
727
201
121
961 52
400
871 407
366 297
110
168 371
718
53 88
918 188
812
64 461
497
230
515
959
526
694
527 195
986
280 794
45
669
235
519
822
843
875
164
291 524
3
315
650
489
323
914
448
465 330
855
312
655
377
842
442
311
501 624
212
107
258
111
819
679
854
722
978
213
693
922
880
223 625
303
379
389
349
74
100
826
305
56
189
724
248 368
687
326
83
1
268
2 12
877
396
780
955
219
278
734
649
767
941 991
17
614
176
384 674
719
440
362
733
672
237 686
194
462
325
690
172 426
954
592
540
346
948
844
981 703
197
60
9
187
184
186
293
900
804
42
284
699 581
784
766
990 572
19
593
283
397
319
539
354
561
647
639
136
966
983
177
691
317
357
792
192
642
29
33
477
62
274
828 318
748
709 984
971
859
340
135
170
308
122
59 144
234 689
282
