750
346
540
121
454 471
723
499
532
149
802
484 735
498 224
44 988
995 873
11
511 469
401 670
912 686
115 6
470 475
885 248
366 459
127
217
415 817
551
951
570
145
768
337 153
202
414 929
416
332
778
340
349
856 20
663
870
480
745
451
803
886
708
417 195
179
777
148
411
675 770
109
820
181
66 977
296
166
942
541
226 919
961 344
31 147
23
960 773
335 437
860
21
535 133
311
660 150
275
654
549
982 857
918 744
662 633
182 545
466 350
588
997
290 601
645
208
38
826
384 321
272
987
94 223
533
742
406
539
210
245
461 386
409 637
789 236
162 481
330 853
681 452
231 67
18 932
849
964
605
41
433
34
993 894
8 769
622 518
513 947
617 108
612 615
758 394
155 558
940 846
939
526
434 699
9
644
309
536
567
13
606
287
392 288
119 262
546
404
881 57
27 26
994
193
301
736
211
87
228
467
815
728
286
78
442
840 65
313
171 402
137 221
502
830
594
128 927
684 266
600 126
98
347
907
632 543
629
887
197
60
89
878
852
797 95
759 151
432 529
388 710
794 573
105 399
423
756
760 524
519
620 904
608 884
527 553
244 552
463
727
679
341 242
113
494 310
872 585
352
761
998
418 661
103
664 788
140
130 169
683 40
91 215
174
129 861
227 879
926
754
300
810 252
54 99
339 243
739
930 200
345 716
111
899
239
577 338
604
304 782
572 264
819
173 571
393
328
867
520
957 398
796 636
325
638
937 238
319
602
25
855
581 270
866 368
792
357
278
955
219
741
611
348
439
923
556
839
178
279
949 464
176
979 542
51 717
331 249
269 659
43
563 424
905
580 832
609 837
163 490
59 833
963
4
516
47 363
268
435
841 696
677
196
436
413 372
721 395
755
184
515
165 603
455 250
233
358
550
139
405 928
124 408
473
360
763 295
986
55 825
619 774
83
848
381
438 492
845
623
397
950
908
391
241
972
525 114
657 422
779
48
935
517 234
554
924
650
3
576
62
93 0
50
479
559
831
507
28
383 97
35
315
557
509
503 808
956 590
364
81
450
281
443 30
19
446
534 705
117 801
134 783
376 630
204 676
157 496
757
875
214 143
80 191
714 198
641
910 847
597
795 53
168 582
704
578 188
159
370
678
936
814 635
682
909 838
667
71 981
460
823
844
978
767
369
263 68
642
616
75
992
356
933
781 583
377
835 280
90
314
643 403
921
809
920 711
251
256 901
457
267
692
327 206
274
400
289 407
216
560
771
737 102
320
913
746
123 118
707
474 131
336 625
56
827
807
800 544
574
508
805 521
656
747
697 897
812
116 674
649
911 666
237 973
22
775
441
818 371
648
292
70
456
282
261
472
302
505
63
882 410
222
514
869
931
530
382 720
821
379
854
240
895
787
599 273
426 291
652
5
655
255
247
917
976
333
355 813
16
213
621
284
566 307
260
76 46
92
688
271 715
764
713
528 199
138 996
428 953
915 628
101 88
718
254
277
361
396
201
136
966
889
316
283
326
687
975
85 651
142
493
890
640
665 343
259 892
595 871
834 903
462
303
257 547
730
548 64
733
483
154
72 96
125
421
12 156
893
626
205
766
646
874
504
329
86 522
489
110
293
938
865
669
974 941
45
719
440
425
322 49
806 653
77
305
914
448
877
850
726 487
896
706
836
225
971
722
564 445
579 190
859
772
729
984 700
497
495 858
786
374
672
880
922
610
141
15 985
925
569
944
555
680
29
39
419 876
24
888
702
712
969
790
690
220
791
750 160
468
689 537
207 934
299
186
785
276
42
804
943 762
561
164
780
73
743
146 668
478 673
444 731
627
203
614
7
500
647
639
74
100
970
584
624 685
212
107
562 158
175 104
691
177
112
694
258
351
491
732
565
189
751 373
725
447 10
531
232
900
749 898
784
828 449
362
342
353 634
589 816
354
387
17
991 695
586 824
334
506
429
793 990
752 967
501 297
2 385
36 999
724
378
864
294
575
891 631
183 902
954
592
106
265
799
167
209
389
946 980
187
959
488
317
486
170
607 32
591
863
538
962
246 765
906
84 375
776
671
734
152 318
738
753 476
613
229
120
235
510 37
693
485
298
477
948
482 61
367
192
1
658
596
306 952
703 883
989
427 161
430
822
843
811
420
512 958
851
58 218
312
983
365 862
122
968 523
380
135
323
132
593
868 465
359 285
453
172 82
842
230
829
916 598
412
180 698
740 69
52 945
324 709
748
33
308
14
431
194
185 798
79 253
965 390
458 701
144 587
568 618
