750
92
260
769 76
145
768
993 630
204 46
140
98
347
907
663
870
313
409 65
182 795
835 840
562 259
651 335
60
197
654
784
460
823
844
31 701
279
178
839
32 674
695 27
455 750
732
728
466 961
228
677
841 817
437 128
266 200
709 858
106
644
309
536
34
770 582
272
987
554
517 503
411
148
245
210
539
474 625
850
856 622
392 373
407 832
737 805
543 262
150 118
589 984
729
746
913
638
873 937
297 495
423
756
620 199
753 394
910 415
217
47 636
889
703 8
894 124
416
414 264
890
899
716 609
111
237 482
936
814 165
706
896
480
852
89
446
19
391
241
712
594
830
502
623
845
114 943
972
275
533
742
406
508
574
544 355
869
514
222
590 765
583 882
717 960
23
962
719
440
724
887
958 288
745
451
803
886
708
643 417
383 49
462
469 310
883 619
436
104 413
488
736
211
925
240
953 825
341 774
697 763
881 828
55 337
617 253
296
166
504
329
513 956
923
494 928
243 797
311
461 133
861 660
334
356
992
372 735
723
499
532
149
546
760 119
203
627
980 270
401 571
867
520
744 752
553 183
127
263 20
285 705
67 10
929 198
139
550
429
788 624
612 173
846 384
939
526
171 80
254
277
361
885 130
336 653
218 331
38
208
645
588
904 350
566 662
751 542
855
25
602
387
17
991 185
982 306
189
666 368
509
557
799
167
4
314
90
813 525
390 101
321 657
914
305
808 824
115 661
475 85
800 26
73
743
952 714
641
12 947
108 137
269 30
68 897
920 227
739
968 487
511 740
11
921
809
608 711
160 71
468
216
560
771
667
586 307
196
247
917
181
820
109
997
290 18
129 96
973 295
818 868
154
483
385 37
978
205
151 289
179
675 195
915 339
213
656
258
688
715 577
450
81
725
472
261
924
219
955
278
91 138
238 518
233
358
35
804
670 902
528 912
349
966
209
777
812
445 116
767
863
367
168 231
449 338
352
726 892
640
647
500
906
48
935
363 147
112
242 529
704
24
84 99
467
194
963
558 833
51 681
375 226
957 105
523 796
87
443 223
281
7
614
244 633
157 399
615 838
463
727
682
486
690
665 395
315
776
671
328
393
922
880
78
286
72 388
327 794
386 464
831
559
479
50
93 607
878
829
16
787
927 330
916 175
974 762
669
865
235
848
381
942
541
465 318
877
265
516
605
964
849
572 484
903 57
595 932
847 898
755
184
163 720
9
410 781
377
271 143
764
283
637 965
537 967
658
866 545
779
587 88
698 816
302
28
1
969
635 934
299
946 949
176
979 432
162 376
421
125
951
570
70
378
159
370
492 424
344 191
456
888
702
648
292
433
41
333
430
507
40 207
304 169
45
522 580
161 459
301
730
758 64
155 685
802
575
420
442
441
775
22
555
954
842
986
280 452
174
120
396
780
236 801
5
652
772
859
579 510
457
267
692
426 977
206 699
738
434 996
567
596
672
876 686
39
135
497
599 524
113
604
249 689
592
611
348
439
874
875
214 581
298
62
576
909 0
3
428 365
853 534
215 547
447 454
121
220
319
397
950
908
382 834
530
246 941
158 102
320
506
303
379
854
565
83
860
21
308
366 664
718
371 568
926
754
300
810 427
404
900
837 749
252 273
691
933
632 481
872 789
458 798
398 345
485
13
606
287
153 603
234 444
164
626
893
56
827
42
284
621
747
527 668
678
693
201
679
819
759 402
435
268
591
895
569
959
713
864
294
610
177
364
879 470
696 940
807
202
911 126
601 548
453
836
225
229
256 512
251
948
346
540
791
710 224
94 930
152 918
994
193
156 172
891 985
549
431
14
975
531
976
790
362
806 988
498 353
684 782
584
501 683
142
75
616
680
332
778
340
107
351
491
815
63
905
354
995 598
77
629
293
938
110
998
761
519
232
593
400
628 476
122
43
312
821
999 634
389
448
95 631
493
551
100
74
639
561
239
707
257 58
425
374
786
851
438 578
422 945
103
186
785
538
642
29
79 676
342
649
734
291 618
983
783 61
931
741
230
134 146
117 564
722
971
359 188
766
646
131 496
884 405
757
412
473
360
325
478 490
418 59
613
369
6 86
673 919
505
748
317
357
792
192
989
556
733
515
187
687
326
535 862
141
343 15
811
721 990
44 773
731 573
944
323
489
650
136
144 52
826
700 901
250 66
316
123 521
276
132
843
822
282
970
255
380
597
477
552 857
408 54
36 82
274
221 69
2 419
793 471
403 322
655
170
212
33
694
563 871
97 981
248 180
190 324
585 600
53 659
