750
574
807
883 475
608 454
46 984
269 770
411
148
777
812
729
746
97 469
385 643
577 297
604
663
251
109
820
359 891
282
261
884 929
496 744
630 825
240
548 751
810 566
337 410
248 133
5
957 434
79 796
328
228
398 511
11
298
216
432 716
568 51
176
614
7
949 952
559
831
802
428 345
683 155
758 805
696 262
54 661
789 841
901 982
495 937
638
896
65 664
987
272
684 943
87
275
972
930 252
582 12
704
174
898 993
82 808
374
769 182
239
257 153
798 344
911 760
816 259
651 151
852
480
222
514
92
688
715 835
59 40
999 169
296
166
504
732
565
927 147
967 437
552 960
962
393
286
78
442
498 371
237 735
384 444
295 522
516
4
823
265
799
635 31
738
996 583
933
356
992
641
466 458
936
427 814
682
868 138
128 572
2 490
36 534
229
117 256
464 134
310 817
551
185 617
260
877
271 80
546
119 571
203
21
860
904 894
655
501 144
752 402
313
531
902 108
55 947
611
348
702
888
416
180 619
985 27
892 162
81
450
221 615
435
268
677
196
436
191 413
698 236
412
584
509
557
707
668 858
880
922
64 91
418 995
779
48
935
694
660 195
90
84 553
595 244
676 99
550
429
788 150
202
468
160 405
793 956
98
745
451
773 912
634 670
396
324 289
580 562
636 494
585 737
207 242
679
819
417 67
838 273
939
940 846
700 10
645
569
650
924
255
247
917
961 977
47 365
576
62
0 765
692
267
457
463
905
179
194
467
815
818 355
306 392
287
606
13
485
596
567
23
370
159
578 543
629
626
893
347
492 857
980 204
423
756
899
774 609
111
104 20
127
749 861
71 862
600 471
720 932
599 697
399 26
909 386
299
603 118
610
224 231
889
709 518
775
22
9
60
197
887
724
201
121
632 52
851
86 438
849
627
723
499
532
149
876 336
786
558 409
320
102 382
913
806 304
131 327
241
594
830
502
623
845
712
96 622
908
950
397
739
750 339
659 415
83
190 249
755
395 44
542 481
855
25
602
529 872
63
505
302
367
997
965 290
588
123 350
919 662
100
74
981 368
223 388
926
754
300
563 573
484 988
311
762 447
175 524
113
53 847
69 740
597
363 795
338 866
535 482
678
747
718
589 840
941 401
637 270
309
644
907
725
472
322 88
921
821
510 544
253 8
648
292
177
512 837
95 681
143 833
539
406
446
19
391
403 581
591
68 513
488
301
736
730
181
254
277
361
778
340
969
928 686
628 653
139
910 703
217
734
526
212
590 624
680
161 881
404
238 285
792
357
387
430
333
37 612
208
38
575
970
667
158 307
3
291 813
631 452
958 853
850
527 856
349
163 528
954
35
460
784
654
549
916 183
771
560
691
389
41
433
605
964
171 689
352
761
24
125
951
570
76 695
198 625
783 372
998
192
642
152 263
757
390 129
478 879
545 407
657 165
214 455
538
647
561
70
378
586 714
354
931
73
743
353 6
360
473
364
61 199
312
803
764
669
865
827
42
491
107
923
556
564 341
616
75
187
618 94
710 330
178
839
220
791
483
154
731 701
671
776
288 173
346
592
925
728
533
28
120
456
554
517 227
963
206 383
462
335 49
314
34
536
497
230
871 414
890
493
826
598 470
986
280 30
325
465 915
685 885
989
39
135
16
213
656
693
979 873
836
706
639
136
331 157
477
33
699 721
811
587 15
141
994
193
172 459
377
781 72
453
246 115
14
112
938
479
50
990 93
878
829
276
264 101
218 525
859
579 763
555
293
900
232
593
303
379
854
722
978
708
886
215 321
209
420
895
974 243
45
918 794
421
85 376
733
234 705
782 105
226 474
315
673 665
690
946 200
727
613
719
440
362
342
441
906
500
828 800
768
145
279
17
419 991
540
842
646
874
343 424
439
103
294
186
942
541
184
897 726
449 408
934 188
1
658
507
607 832
126 920
266 146
959
713
77
205
520
867
767
489
323
944
869
864
652
487 422
250 675
57 318
523 521
506
334
476 461
283
326
687
116 32
375 973
601 156
29
882 953
369
945 114
66 801
780
164
515
233
358
968 620
58 394
955
219
278
649
666 674
503 124
189
759 443
281
766
975
822
142
790
976
319
258
210
245
380
530
772
225
848
381
621
316
284
366 903
167
804
122
508
400
140
308
966
983
640
742
431
211
834 18
672
809
711 426
351
863
633 130
425
785
43
106
787
519
235
741
971
445 797
132
914
305
56
170
486
317
875
843
717 137
274
329
844
948
870
753 547
89
168 373
110
332
748
448
824 537
