750
56
893
626
629
683 543
628 697
399 402
313
531
559
477
910 726
253 372
899
487 932
850
250 681
92
548 31
799
453
783 619
436
196
538
214 452
826
493
551
883 817
897 134
163 879
545 414
233
358
35
460
784
654
884 982
549
985 183
925
211
736
316
79 91
198 40
892 169
699 51
749 553
127
76 273
145
768
979 873
291 458
578 118
159
466 200
496 661
190 262
558 204
987
272
563 609
432 832
798 392
191 153
215 808
720 454
824 424
43
512 721
843
630 137
902 344
225
393
859
579 891
464 525
586 101
38
968 735
810 695
255
247
917
642
152 263
844
823
265
516
268
435
677
820
109
958 825
251
637 612
788 846
429
550
158 99
904 415
418 995
779
449 88
754
298
11
322 511
603 861
598 339
601 147
536
941 714
776
671
328
228
450
81
462
707
58 858
206 716
111
423
756
980 341
556
923
323
959
627
723
828 270
542 401
867
767
260
24
125
951
742
406
210
245
148
411
503 18
412
584
509
557
218 903
710 947
445 108
23
567
596
171 664
896
936
84 814
667
691
317
357
351
694
635 195
428 93
589 991
17
387
161 138
128 321
758 943
57 155
193
994
492 336
221 408
375 227
523 470
901 105
785
427 289
657 199
806 72
123 259
104 114
845
712
95 622
143 760
821
921
65 373
121
201
724
189
666 133
311
793 988
362
790
141
122
804
310 670
607 912
331 662
587 409
320
102 146
743
711 6
668 44
280 32
986
55 853
334
506
117 481
725
907
590 244
185 67
660 841
886
708
417 522
605
964
849
602
25
855
568 581
580 388
286
103
439
348
82 977
61 737
827
419 475
97 847
597
999 795
338 866
773 482
160 952
48
935
64 751
673 413
484 701
224 625
305
59 490
478 805
216
560
576
62
0 572
819
679
180 242
504
166
296
479
938
293
110
46 801
608 770
194
467
815
266 355
698 765
302
505
63
632 410
655
600 894
34
175 885
53 20
957 330
403 796
73
931
916 249
728
533
275
70
940 162
363 27
170
746
283
732
565
927 30
325
644
309
441
775
22
47 350
77
205
659 513
591
176
614
7
963
4
167
258
688
715 437
762 256
229
337 327
295 993
96 151
510 49
717 304
752 447
514
222
869
71 653
928 130
139
802
575
970
282
692
267
457
463
727
613
209
777
812
887
197
60
9
324 471
529 862
759 115
208
852
878
829
16
135
39
685 524
329
347
98
140
909 150
839
178
279
704
174
476 10
14
112
74
100
631 307
851
207 469
507
430
333
741
611
971
616
75
131 394
69 620
519
235
397
950
908
391
924
446
89
300
709 156
646
766
874
85 583
975
384 231
281
700 960
582 365
570
241
678
747
237 617
489
649
734
278
219
955
780
164
515
569
645
652
5
860
335 422
299
946 386
934 129
730
181
254
718
599 371
90
314
398 744
431
574
807
636 544
889
966
136
639
647
500
906
748
400
226 407
172 624
212
107
448
914
1
28
604
577 705
663
870
989
378
733
364
473
360
672
898 686
831
961 833
539
508
967 534
658
2 835
271 182
374
520
465 382
541
942
381
848
230
606
13
905
179
264 813
359 188
713
306 15
811
78
442
238 290
997
998
761
352
527 461
497
343 956
930 573
483
154
868 800
294
517 124
416
332
778
340
284
42
276
132
356
933
996 857
738
239
782 26
834 474
315
650
288 252
54 94
369
911 953
202
919 562
594
830
502
468
552 740
451
745
220
168 763
540
592
377
781 236
187
789 675
269 674
116 643
274
420
974 438
882 12
532
499
895
634 243
277
361
33
203
21
564 837
816 571
389
379
854
722
978
684 794
45
876 405
786
257 703
693
621
213
656
342
676 929
29
769 80
719
440
425
702
888
706
836
918 443
729
922
880
791
326
687
380
809
433
41
354
983
312
803
764
669
865
945 615
248 383
495 459
301
488
68 665
585 920
633 494
757
186
554
390 157
240
875
486
690
976
491
319
119 376
421
787
177
610
353 165
913
638
838 937
120
949 285
750 797
939
526
456
900
232
593
303
223 915
86 8
648
292
192
792
395 840
969
261
472
485
651 345
595 547
184
755
370
404
498 881
772
530
739
37 368
926
106
149
546
696 521
954
842
346
753 173
680
396
965 528
822
142
992
641
308
618 856
349
480
962
246 444
981 318
126 973
367
863
66 537
864
561
87
640
877
682
3
217
555
944
287
113
731 455
234 689
50
948
83
774 434
501 566
366 984
771
818 872
972
19
588
623
990 297
385 518
890
36 426
535 52
871 144
